[4.812244198862834,
 4.092460931327871,
 3.870965799584909,
 3.7152711336295283,
 3.5810703080092807,
 3.4719434496153974,
 3.38283933572474,
 3.301668891026599,
 3.2221182065933225,
 3.1711346989613873,
 3.1203664378020597,
 3.0712950050543317,
 3.031182279506218,
 2.991866458308244,
 2.957623355174432,
 2.935011770785109,
 2.912158037123961,
 2.885745093853746,
 2.8625949685018623,
 2.8408368383697575]

 [4.227066827282104,
 3.9597602300079,
 3.7587982269104128,
 3.669122420575552,
 3.5747578429434186,
 3.5029288234088023,
 3.4268797997827907,
 3.3937540957848453,
 3.3251966051146,
 3.293034937317151,
 3.2505757187415396,
 3.2397339460739087,
 3.2103607168319397,
 3.1948484083154836,
 3.1975752394964294,
 3.146425061297106,
 3.155343492117601,
 3.13485516586714,
 3.1372293518746464,
 3.1244599674357034]

 [2.5288399469985663,
 2.5182540447859565,
 2.5062889078387127,
 2.4955832463677496,
 2.494058818839194,
 2.489626577331665,
 2.483263982846013,
 2.483381593587245,
 2.477881730278326,
 2.4770781808563447,
 2.478141448467455,
 2.4748775715299653,
 2.466489604063693,
 2.4703437901825516,
 2.472524284672831,
 2.471588423404185,
 2.4720444110562636,
 2.465063698246796,
 2.465153322608382,
 2.456202742798026]

 [2.967351892020036,
 2.962019505590245,
 2.9762317534199805,
 2.961192576899783,
 3.0017834226377085,
 2.9619048726480517,
 2.9763506221195533,
 2.9678915784724564,
 2.9478605337288135,
 2.958816268873486,
 2.952466564393943,
 2.935850261916147,
 2.951730990960204,
 2.9572574585054774,
 2.956332589759434,
 2.946305925073577,
 2.970790579403762,
 2.9652821221115198,
 2.9477691825394077,
 2.960617984053213]